{
 "cells": [
  {
   "cell_type": "markdown",
   "metadata": {},
   "source": [
    "Paul Giesting, Project 2\n",
    "\n",
    "### The final notebook?\n",
    "\n",
    "Bring in hitting/speed/small ball data, pitching data, fielding data, attendance data.\n",
    "\n",
    "##### Multiple strategies:\n",
    "\n",
    "##### Atemporal regression.\n",
    "Do a standard randomized split on the data.\n",
    "Train up a polynomial, degree 2 LASSO model on selected parameters from visualizations.\n",
    "Test model to see if it holds water.\n",
    "Look at coefficients & suggest interventions to reverse attendance declines.\n",
    "\n",
    "##### Time series.\n",
    "Split data into 20th & 21st century, train & test.\n",
    "Train up a similar model.\n",
    "See how much adding the time factor adds to the fit (representing external cultural changes).\n",
    "Change train / test splits as needed.\n",
    "Project the 2020s with various rules / culture interventions."
   ]
  },
  {
   "cell_type": "code",
   "execution_count": 41,
   "metadata": {},
   "outputs": [],
   "source": [
    "import pickle\n",
    "import pandas as pd\n",
    "import numpy as np\n",
    "import matplotlib.pyplot as plt\n",
    "import seaborn as sns\n",
    "%matplotlib inline\n",
    "sns.set()\n",
    "from sklearn.model_selection import train_test_split\n",
    "from sklearn.linear_model import LinearRegression, LassoCV, RidgeCV\n",
    "from sklearn.preprocessing import StandardScaler, PolynomialFeatures"
   ]
  },
  {
   "cell_type": "code",
   "execution_count": 5,
   "metadata": {},
   "outputs": [],
   "source": [
    "with open('bat_rate_data.pkl','rb') as cellar:\n",
    "    bat_df = pickle.load(cellar)\n",
    "with open('pitch_rate_data.pkl','rb') as cellar:\n",
    "    pitch_df = pickle.load(cellar)\n",
    "with open('field_rate_data.pkl','rb') as cellar:\n",
    "    field_df = pickle.load(cellar)\n",
    "# with open('sp.pkl','rb') as cellar:\n",
    "#    sp_df = pickle.load(cellar)\n",
    "# with open('sb.pkl','rb') as cellar:\n",
    "#    sb_df = pickle.load(cellar)\n",
    "with open('att.pkl','rb') as cellar:\n",
    "    att_df = pickle.load(cellar)"
   ]
  },
  {
   "cell_type": "markdown",
   "metadata": {},
   "source": [
    "###### Target:\n",
    "* NormAtt/G * 1000000 (or Att)\n",
    "= attendance per game in units of parts per million of the U.S. population (using ppm because as a fraction it's really small and seaborn actually gagged on it in some of the pairplots & treated it as zero); the calculation was already done in the visualization notebooks\n",
    "\n",
    "###### Flagship parameters for model:\n",
    "* BA, SLG, HR/G, 'SB/G', SH/G, SO9, ERA, DefEff, GmDur\n",
    "\n",
    "###### \"On-deck\" parameters:\n",
    "* IBB/G, 'CS/G', '3B/G', SF/G, DP/G, A/G, Fld% "
   ]
  },
  {
   "cell_type": "code",
   "execution_count": 7,
   "metadata": {},
   "outputs": [
    {
     "data": {
      "text/plain": [
       "Index(['Year', 'G', 'R/G', 'PA/G', 'AB/G', 'H/G', '2B/G', '3B/G', 'HR/G',\n",
       "       'RBI/G', 'SB/G', 'CS/G', 'BB/G', 'SO/G', 'BA', 'OBP', 'SLG', 'OPS',\n",
       "       'OPS+', 'TB/G', 'GDP/G', 'HBP/G', 'SH/G', 'SF/G', 'IBB/G', 'LOB/G'],\n",
       "      dtype='object')"
      ]
     },
     "execution_count": 7,
     "metadata": {},
     "output_type": "execute_result"
    }
   ],
   "source": [
    "bat_df.columns"
   ]
  },
  {
   "cell_type": "code",
   "execution_count": 8,
   "metadata": {},
   "outputs": [
    {
     "data": {
      "text/plain": [
       "Index(['Year', 'ERA', 'HR9', 'BB9', 'SO9', 'SO/W', 'WHIP', 'Att'], dtype='object')"
      ]
     },
     "execution_count": 8,
     "metadata": {},
     "output_type": "execute_result"
    }
   ],
   "source": [
    "pitch_df.columns"
   ]
  },
  {
   "cell_type": "code",
   "execution_count": 9,
   "metadata": {},
   "outputs": [
    {
     "data": {
      "text/plain": [
       "Index(['Year', 'RA/G', 'DefEff', 'Fld%', 'DP/G', 'PO/G', 'A/G', 'Att'], dtype='object')"
      ]
     },
     "execution_count": 9,
     "metadata": {},
     "output_type": "execute_result"
    }
   ],
   "source": [
    "field_df.columns"
   ]
  },
  {
   "cell_type": "code",
   "execution_count": 10,
   "metadata": {},
   "outputs": [
    {
     "data": {
      "text/plain": [
       "Index(['Year', 'ASG Ratings', 'WS Ratings', 'Pitches/PA', 'Pitchers/G',\n",
       "       'GmDur', 'NormAtt/G'],\n",
       "      dtype='object')"
      ]
     },
     "execution_count": 10,
     "metadata": {},
     "output_type": "execute_result"
    }
   ],
   "source": [
    "att_df.columns"
   ]
  },
  {
   "cell_type": "code",
   "execution_count": 30,
   "metadata": {},
   "outputs": [],
   "source": [
    "# data to feed to train_test\n",
    "y = pd.DataFrame(pitch_df['Att'])\n",
    "X1 = [bat_df['BA'],bat_df['SLG'],bat_df['HR/G'],\n",
    "     bat_df['SB/G'],bat_df['SH/G'],pitch_df['SO9'],\n",
    "     pitch_df['ERA'],field_df['DefEff'],att_df['GmDur']]\n",
    "X1 = pd.DataFrame(X1)\n",
    "X1 = X1.transpose().fillna(0.0)\n",
    "X2 = [bat_df['IBB/G'],bat_df['CS/G'],bat_df['3B/G'],\n",
    "     bat_df['SF/G'],field_df['DP/G'],field_df['A/G'],\n",
    "     field_df['Fld%']]\n",
    "X2 = pd.DataFrame(X2)\n",
    "X2 = X2.transpose().fillna(0.0)"
   ]
  },
  {
   "cell_type": "code",
   "execution_count": 31,
   "metadata": {},
   "outputs": [
    {
     "name": "stdout",
     "output_type": "stream",
     "text": [
      "119 119\n"
     ]
    }
   ],
   "source": [
    "print(len(y), len(X1))"
   ]
  },
  {
   "cell_type": "code",
   "execution_count": 32,
   "metadata": {},
   "outputs": [
    {
     "data": {
      "text/plain": [
       "BA        float64\n",
       "SLG       float64\n",
       "HR/G      float64\n",
       "SB/G      float64\n",
       "SH/G      float64\n",
       "SO9       float64\n",
       "ERA       float64\n",
       "DefEff    float64\n",
       "GmDur     float64\n",
       "dtype: object"
      ]
     },
     "execution_count": 32,
     "metadata": {},
     "output_type": "execute_result"
    }
   ],
   "source": [
    "X1.dtypes"
   ]
  },
  {
   "cell_type": "code",
   "execution_count": 33,
   "metadata": {},
   "outputs": [
    {
     "data": {
      "text/plain": [
       "Att    float64\n",
       "dtype: object"
      ]
     },
     "execution_count": 33,
     "metadata": {},
     "output_type": "execute_result"
    }
   ],
   "source": [
    "y.dtypes"
   ]
  },
  {
   "cell_type": "code",
   "execution_count": 38,
   "metadata": {},
   "outputs": [
    {
     "name": "stdout",
     "output_type": "stream",
     "text": [
      "0.6792762088484843 0.7058645840909972\n",
      "0.6552029963641688 0.7378659809883454\n",
      "0.7069743879238279 0.5829031617386146\n",
      "0.7665291046169564 0.47463951668425985\n",
      "0.6721885251481028 0.6149453514893122\n"
     ]
    }
   ],
   "source": [
    "# a straight linear regression as a baseline\n",
    "for i in range(5):\n",
    "    X1tr, X1v, y1tr, y1v = train_test_split(X1, y, test_size=0.3)\n",
    "    lin_atemp = LinearRegression()\n",
    "    lin_atemp.fit(X1tr,y1tr)\n",
    "    print(lin_atemp.score(X1tr,y1tr),lin_atemp.score(X1v,y1v))"
   ]
  },
  {
   "cell_type": "markdown",
   "metadata": {},
   "source": [
    "This model is unstable; I guess I'm not surprised, with only 119 data points. Hopefully I don't have to go back and rethink things completely and try to pull data at the team... or player... level. I don't know that I would have any attendance data to work with.\n",
    "\n",
    "Part of the problem is likely that I'm throwing messy, random variables into the regression that probably really are unrelated to attendance trends. I can do three things about this:\n",
    "* Lasso may be able to prune the crap variables in an automated way.\n",
    "* I'll do Ridge since it's there.\n",
    "* If I have to, I can go back to my visualizations and prune variables manually.\n",
    "\n",
    "Beyond that, there is polynomial feature selection. Forgot about that. There would be a blizzard of features at that point, something like as many features as lines of data, if I stick all of X1 in there, so I'll need to prune that down regardless."
   ]
  },
  {
   "cell_type": "code",
   "execution_count": 43,
   "metadata": {},
   "outputs": [],
   "source": [
    "scaler = StandardScaler()"
   ]
  },
  {
   "cell_type": "code",
   "execution_count": 45,
   "metadata": {},
   "outputs": [
    {
     "name": "stderr",
     "output_type": "stream",
     "text": [
      "/home/paulus/anaconda3/lib/python3.7/site-packages/sklearn/linear_model/_coordinate_descent.py:1088: DataConversionWarning: A column-vector y was passed when a 1d array was expected. Please change the shape of y to (n_samples, ), for example using ravel().\n",
      "  y = column_or_1d(y, warn=True)\n",
      "/home/paulus/anaconda3/lib/python3.7/site-packages/sklearn/linear_model/_coordinate_descent.py:1088: DataConversionWarning: A column-vector y was passed when a 1d array was expected. Please change the shape of y to (n_samples, ), for example using ravel().\n",
      "  y = column_or_1d(y, warn=True)\n",
      "/home/paulus/anaconda3/lib/python3.7/site-packages/sklearn/linear_model/_coordinate_descent.py:1088: DataConversionWarning: A column-vector y was passed when a 1d array was expected. Please change the shape of y to (n_samples, ), for example using ravel().\n",
      "  y = column_or_1d(y, warn=True)\n"
     ]
    },
    {
     "name": "stdout",
     "output_type": "stream",
     "text": [
      "0.6019383806041514 0.6639735286701927\n",
      "0.672115618775148 0.584476793969793\n",
      "0.6078180994904796 0.688370159856518\n",
      "0.6279818970298718 0.6793406597396442\n",
      "0.6606955308072073 0.5569604612287644\n"
     ]
    },
    {
     "name": "stderr",
     "output_type": "stream",
     "text": [
      "/home/paulus/anaconda3/lib/python3.7/site-packages/sklearn/linear_model/_coordinate_descent.py:1088: DataConversionWarning: A column-vector y was passed when a 1d array was expected. Please change the shape of y to (n_samples, ), for example using ravel().\n",
      "  y = column_or_1d(y, warn=True)\n",
      "/home/paulus/anaconda3/lib/python3.7/site-packages/sklearn/linear_model/_coordinate_descent.py:1088: DataConversionWarning: A column-vector y was passed when a 1d array was expected. Please change the shape of y to (n_samples, ), for example using ravel().\n",
      "  y = column_or_1d(y, warn=True)\n"
     ]
    }
   ],
   "source": [
    "# Lasso\n",
    "for i in range(5):\n",
    "    X1tr, X1v, y1tr, y1v = train_test_split(X1, y, test_size=0.3)\n",
    "    X1sc = scaler.fit_transform(X1tr.values)\n",
    "    X1vsc = scaler.fit_transform(X1v.values)\n",
    "    lasso_atemp = LassoCV()\n",
    "    lasso_atemp.fit(X1tr,y1tr)\n",
    "    print(lasso_atemp.score(X1tr,y1tr),lasso_atemp.score(X1v,y1v))"
   ]
  },
  {
   "cell_type": "markdown",
   "metadata": {},
   "source": [
    "Ugh. That's more stable... and quite bad. I got tons better results for using the StandardScaler, though. Without it, there was a 0.2 hit between train & validate."
   ]
  },
  {
   "cell_type": "code",
   "execution_count": 46,
   "metadata": {},
   "outputs": [
    {
     "name": "stdout",
     "output_type": "stream",
     "text": [
      "0.6792963922104938 0.4498004858259206\n",
      "0.5605820644447778 0.718955191306363\n",
      "0.6925559612920577 0.5032934949253027\n",
      "0.7066609591973361 0.4465464549284093\n",
      "0.7103109395200264 0.4935382505629421\n"
     ]
    }
   ],
   "source": [
    "# Ridge\n",
    "for i in range(5):\n",
    "    X1tr, X1v, y1tr, y1v = train_test_split(X1, y, test_size=0.3)\n",
    "    X1sc = scaler.fit_transform(X1tr.values)\n",
    "    X1vsc = scaler.fit_transform(X1v.values)\n",
    "    ridge_atemp = RidgeCV()\n",
    "    ridge_atemp.fit(X1tr,y1tr)\n",
    "    print(ridge_atemp.score(X1tr,y1tr),ridge_atemp.score(X1v,y1v))"
   ]
  },
  {
   "cell_type": "markdown",
   "metadata": {},
   "source": [
    "That's just terrible.\n",
    "\n",
    "Let me run the Lasso code again and look at the coefficients."
   ]
  },
  {
   "cell_type": "code",
   "execution_count": 53,
   "metadata": {},
   "outputs": [
    {
     "name": "stderr",
     "output_type": "stream",
     "text": [
      "/home/paulus/anaconda3/lib/python3.7/site-packages/sklearn/linear_model/_coordinate_descent.py:1088: DataConversionWarning: A column-vector y was passed when a 1d array was expected. Please change the shape of y to (n_samples, ), for example using ravel().\n",
      "  y = column_or_1d(y, warn=True)\n",
      "/home/paulus/anaconda3/lib/python3.7/site-packages/sklearn/linear_model/_coordinate_descent.py:1088: DataConversionWarning: A column-vector y was passed when a 1d array was expected. Please change the shape of y to (n_samples, ), for example using ravel().\n",
      "  y = column_or_1d(y, warn=True)\n"
     ]
    },
    {
     "name": "stdout",
     "output_type": "stream",
     "text": [
      "    BA  SLG   HR/G   SB/G  SH/G   SO9   ERA  DefEff  GmDur\n",
      "0  0.0  0.0  28.69  13.13  -0.0  2.39  5.09     0.0   4.71\n",
      "0.689999590261992 0.4864431137594343 \n",
      "\n",
      "    BA  SLG   HR/G   SB/G  SH/G   SO9   ERA  DefEff  GmDur\n",
      "0 -0.0 -0.0  53.23  24.09  9.04 -1.56  1.35     0.0   7.72\n",
      "0.6662049265330816 0.5607370846601449 \n",
      "\n",
      "    BA  SLG   HR/G  SB/G  SH/G   SO9   ERA  DefEff  GmDur\n",
      "0 -0.0 -0.0  53.25  20.2  -4.2 -2.58 -1.06     0.0   5.88\n",
      "0.6467489025532706 0.6329747735390672 \n",
      "\n"
     ]
    },
    {
     "name": "stderr",
     "output_type": "stream",
     "text": [
      "/home/paulus/anaconda3/lib/python3.7/site-packages/sklearn/linear_model/_coordinate_descent.py:1088: DataConversionWarning: A column-vector y was passed when a 1d array was expected. Please change the shape of y to (n_samples, ), for example using ravel().\n",
      "  y = column_or_1d(y, warn=True)\n",
      "/home/paulus/anaconda3/lib/python3.7/site-packages/sklearn/linear_model/_coordinate_descent.py:1088: DataConversionWarning: A column-vector y was passed when a 1d array was expected. Please change the shape of y to (n_samples, ), for example using ravel().\n",
      "  y = column_or_1d(y, warn=True)\n",
      "/home/paulus/anaconda3/lib/python3.7/site-packages/sklearn/linear_model/_coordinate_descent.py:1088: DataConversionWarning: A column-vector y was passed when a 1d array was expected. Please change the shape of y to (n_samples, ), for example using ravel().\n",
      "  y = column_or_1d(y, warn=True)\n"
     ]
    },
    {
     "name": "stdout",
     "output_type": "stream",
     "text": [
      "    BA  SLG  HR/G  SB/G  SH/G   SO9   ERA  DefEff  GmDur\n",
      "0  0.0  0.0   0.0   0.0  -0.0  4.04  9.16     0.0   8.12\n",
      "0.6649292700812106 0.45723291527650134 \n",
      "\n",
      "    BA  SLG   HR/G   SB/G  SH/G   SO9   ERA  DefEff  GmDur\n",
      "0  0.0  0.0  45.15  15.02  0.12 -1.81  2.88     0.0   6.71\n",
      "0.6561123685589678 0.612075993994247 \n",
      "\n"
     ]
    }
   ],
   "source": [
    "# Lasso\n",
    "for i in range(5):\n",
    "    X1tr, X1v, y1tr, y1v = train_test_split(X1, y, test_size=0.3)\n",
    "    X1sc = scaler.fit_transform(X1tr.values)\n",
    "    X1vsc = scaler.fit_transform(X1v.values)\n",
    "    lasso_atemp = LassoCV()\n",
    "    lasso_atemp.fit(X1tr,y1tr)\n",
    "    out = pd.DataFrame(lasso_atemp.coef_)\n",
    "    out = out.transpose().round(decimals=2)\n",
    "    out.columns=X1tr.columns\n",
    "    print(out)\n",
    "    print(lasso_atemp.score(X1tr,y1tr),lasso_atemp.score(X1v,y1v),'\\n')"
   ]
  },
  {
   "cell_type": "markdown",
   "metadata": {},
   "source": [
    "Features with consistent coefficients:\n",
    "* HR/G - when it shows up, always positive. (Chicks dig the long ball.)\n",
    "* SB/G - when it shows up, always positive.\n",
    "* GmDur - humorously, always positive. (So much for all the whining about games being too long, right?)"
   ]
  },
  {
   "cell_type": "code",
   "execution_count": 55,
   "metadata": {},
   "outputs": [
    {
     "data": {
      "text/html": [
       "<div>\n",
       "<style scoped>\n",
       "    .dataframe tbody tr th:only-of-type {\n",
       "        vertical-align: middle;\n",
       "    }\n",
       "\n",
       "    .dataframe tbody tr th {\n",
       "        vertical-align: top;\n",
       "    }\n",
       "\n",
       "    .dataframe thead th {\n",
       "        text-align: right;\n",
       "    }\n",
       "</style>\n",
       "<table border=\"1\" class=\"dataframe\">\n",
       "  <thead>\n",
       "    <tr style=\"text-align: right;\">\n",
       "      <th></th>\n",
       "      <th>Att</th>\n",
       "      <th>BA</th>\n",
       "      <th>SLG</th>\n",
       "      <th>HR/G</th>\n",
       "      <th>SB/G</th>\n",
       "      <th>SH/G</th>\n",
       "      <th>SO9</th>\n",
       "      <th>ERA</th>\n",
       "      <th>DefEff</th>\n",
       "      <th>GmDur</th>\n",
       "      <th>IBB/G</th>\n",
       "      <th>CS/G</th>\n",
       "      <th>3B/G</th>\n",
       "      <th>SF/G</th>\n",
       "      <th>DP/G</th>\n",
       "      <th>A/G</th>\n",
       "      <th>Fld%</th>\n",
       "    </tr>\n",
       "  </thead>\n",
       "  <tbody>\n",
       "    <tr>\n",
       "      <th>Att</th>\n",
       "      <td>1.000000</td>\n",
       "      <td>-0.074802</td>\n",
       "      <td>0.599337</td>\n",
       "      <td>0.768460</td>\n",
       "      <td>-0.255794</td>\n",
       "      <td>-0.677280</td>\n",
       "      <td>0.680903</td>\n",
       "      <td>0.538646</td>\n",
       "      <td>0.148423</td>\n",
       "      <td>0.726195</td>\n",
       "      <td>0.673738</td>\n",
       "      <td>0.305263</td>\n",
       "      <td>-0.744548</td>\n",
       "      <td>0.710865</td>\n",
       "      <td>0.427248</td>\n",
       "      <td>-0.750937</td>\n",
       "      <td>0.762879</td>\n",
       "    </tr>\n",
       "    <tr>\n",
       "      <th>BA</th>\n",
       "      <td>-0.074802</td>\n",
       "      <td>1.000000</td>\n",
       "      <td>0.535423</td>\n",
       "      <td>-0.047638</td>\n",
       "      <td>-0.185206</td>\n",
       "      <td>0.259055</td>\n",
       "      <td>-0.406064</td>\n",
       "      <td>0.612650</td>\n",
       "      <td>-0.643326</td>\n",
       "      <td>-0.246444</td>\n",
       "      <td>-0.428885</td>\n",
       "      <td>0.191441</td>\n",
       "      <td>0.422027</td>\n",
       "      <td>-0.304458</td>\n",
       "      <td>0.335200</td>\n",
       "      <td>0.182241</td>\n",
       "      <td>-0.110145</td>\n",
       "    </tr>\n",
       "    <tr>\n",
       "      <th>SLG</th>\n",
       "      <td>0.599337</td>\n",
       "      <td>0.535423</td>\n",
       "      <td>1.000000</td>\n",
       "      <td>0.811275</td>\n",
       "      <td>-0.526245</td>\n",
       "      <td>-0.572893</td>\n",
       "      <td>0.486509</td>\n",
       "      <td>0.972783</td>\n",
       "      <td>-0.284641</td>\n",
       "      <td>0.539419</td>\n",
       "      <td>0.284321</td>\n",
       "      <td>0.274243</td>\n",
       "      <td>-0.459878</td>\n",
       "      <td>0.475003</td>\n",
       "      <td>0.661502</td>\n",
       "      <td>-0.696457</td>\n",
       "      <td>0.683670</td>\n",
       "    </tr>\n",
       "    <tr>\n",
       "      <th>HR/G</th>\n",
       "      <td>0.768460</td>\n",
       "      <td>-0.047638</td>\n",
       "      <td>0.811275</td>\n",
       "      <td>1.000000</td>\n",
       "      <td>-0.530631</td>\n",
       "      <td>-0.878449</td>\n",
       "      <td>0.828725</td>\n",
       "      <td>0.735752</td>\n",
       "      <td>0.155838</td>\n",
       "      <td>0.816311</td>\n",
       "      <td>0.685382</td>\n",
       "      <td>0.220729</td>\n",
       "      <td>-0.859243</td>\n",
       "      <td>0.798303</td>\n",
       "      <td>0.606309</td>\n",
       "      <td>-0.952053</td>\n",
       "      <td>0.900300</td>\n",
       "    </tr>\n",
       "    <tr>\n",
       "      <th>SB/G</th>\n",
       "      <td>-0.255794</td>\n",
       "      <td>-0.185206</td>\n",
       "      <td>-0.526245</td>\n",
       "      <td>-0.530631</td>\n",
       "      <td>1.000000</td>\n",
       "      <td>0.475685</td>\n",
       "      <td>-0.123513</td>\n",
       "      <td>-0.584424</td>\n",
       "      <td>-0.401711</td>\n",
       "      <td>-0.339720</td>\n",
       "      <td>-0.412567</td>\n",
       "      <td>-0.116524</td>\n",
       "      <td>0.394269</td>\n",
       "      <td>-0.165932</td>\n",
       "      <td>-0.845177</td>\n",
       "      <td>0.564735</td>\n",
       "      <td>-0.619917</td>\n",
       "    </tr>\n",
       "    <tr>\n",
       "      <th>SH/G</th>\n",
       "      <td>-0.677280</td>\n",
       "      <td>0.259055</td>\n",
       "      <td>-0.572893</td>\n",
       "      <td>-0.878449</td>\n",
       "      <td>0.475685</td>\n",
       "      <td>1.000000</td>\n",
       "      <td>-0.784779</td>\n",
       "      <td>-0.538054</td>\n",
       "      <td>-0.290192</td>\n",
       "      <td>-0.788490</td>\n",
       "      <td>-0.778570</td>\n",
       "      <td>-0.155089</td>\n",
       "      <td>0.906341</td>\n",
       "      <td>-0.781008</td>\n",
       "      <td>-0.534124</td>\n",
       "      <td>0.930960</td>\n",
       "      <td>-0.824229</td>\n",
       "    </tr>\n",
       "    <tr>\n",
       "      <th>SO9</th>\n",
       "      <td>0.680903</td>\n",
       "      <td>-0.406064</td>\n",
       "      <td>0.486509</td>\n",
       "      <td>0.828725</td>\n",
       "      <td>-0.123513</td>\n",
       "      <td>-0.784779</td>\n",
       "      <td>1.000000</td>\n",
       "      <td>0.350561</td>\n",
       "      <td>0.086218</td>\n",
       "      <td>0.758921</td>\n",
       "      <td>0.594626</td>\n",
       "      <td>0.106170</td>\n",
       "      <td>-0.850030</td>\n",
       "      <td>0.810498</td>\n",
       "      <td>0.138733</td>\n",
       "      <td>-0.847510</td>\n",
       "      <td>0.741285</td>\n",
       "    </tr>\n",
       "    <tr>\n",
       "      <th>ERA</th>\n",
       "      <td>0.538646</td>\n",
       "      <td>0.612650</td>\n",
       "      <td>0.972783</td>\n",
       "      <td>0.735752</td>\n",
       "      <td>-0.584424</td>\n",
       "      <td>-0.538054</td>\n",
       "      <td>0.350561</td>\n",
       "      <td>1.000000</td>\n",
       "      <td>-0.278393</td>\n",
       "      <td>0.475076</td>\n",
       "      <td>0.245514</td>\n",
       "      <td>0.250899</td>\n",
       "      <td>-0.392443</td>\n",
       "      <td>0.354990</td>\n",
       "      <td>0.726598</td>\n",
       "      <td>-0.642773</td>\n",
       "      <td>0.628767</td>\n",
       "    </tr>\n",
       "    <tr>\n",
       "      <th>DefEff</th>\n",
       "      <td>0.148423</td>\n",
       "      <td>-0.643326</td>\n",
       "      <td>-0.284641</td>\n",
       "      <td>0.155838</td>\n",
       "      <td>-0.401711</td>\n",
       "      <td>-0.290192</td>\n",
       "      <td>0.086218</td>\n",
       "      <td>-0.278393</td>\n",
       "      <td>1.000000</td>\n",
       "      <td>0.299439</td>\n",
       "      <td>0.624083</td>\n",
       "      <td>0.089356</td>\n",
       "      <td>-0.440751</td>\n",
       "      <td>0.279398</td>\n",
       "      <td>0.317716</td>\n",
       "      <td>-0.247642</td>\n",
       "      <td>0.375841</td>\n",
       "    </tr>\n",
       "    <tr>\n",
       "      <th>GmDur</th>\n",
       "      <td>0.726195</td>\n",
       "      <td>-0.246444</td>\n",
       "      <td>0.539419</td>\n",
       "      <td>0.816311</td>\n",
       "      <td>-0.339720</td>\n",
       "      <td>-0.788490</td>\n",
       "      <td>0.758921</td>\n",
       "      <td>0.475076</td>\n",
       "      <td>0.299439</td>\n",
       "      <td>1.000000</td>\n",
       "      <td>0.735879</td>\n",
       "      <td>0.366122</td>\n",
       "      <td>-0.812189</td>\n",
       "      <td>0.773901</td>\n",
       "      <td>0.497488</td>\n",
       "      <td>-0.826863</td>\n",
       "      <td>0.796635</td>\n",
       "    </tr>\n",
       "    <tr>\n",
       "      <th>IBB/G</th>\n",
       "      <td>0.673738</td>\n",
       "      <td>-0.428885</td>\n",
       "      <td>0.284321</td>\n",
       "      <td>0.685382</td>\n",
       "      <td>-0.412567</td>\n",
       "      <td>-0.778570</td>\n",
       "      <td>0.594626</td>\n",
       "      <td>0.245514</td>\n",
       "      <td>0.624083</td>\n",
       "      <td>0.735879</td>\n",
       "      <td>1.000000</td>\n",
       "      <td>0.346895</td>\n",
       "      <td>-0.846310</td>\n",
       "      <td>0.781138</td>\n",
       "      <td>0.529699</td>\n",
       "      <td>-0.736351</td>\n",
       "      <td>0.750654</td>\n",
       "    </tr>\n",
       "    <tr>\n",
       "      <th>CS/G</th>\n",
       "      <td>0.305263</td>\n",
       "      <td>0.191441</td>\n",
       "      <td>0.274243</td>\n",
       "      <td>0.220729</td>\n",
       "      <td>-0.116524</td>\n",
       "      <td>-0.155089</td>\n",
       "      <td>0.106170</td>\n",
       "      <td>0.250899</td>\n",
       "      <td>0.089356</td>\n",
       "      <td>0.366122</td>\n",
       "      <td>0.346895</td>\n",
       "      <td>1.000000</td>\n",
       "      <td>-0.182162</td>\n",
       "      <td>0.300758</td>\n",
       "      <td>0.357783</td>\n",
       "      <td>-0.175829</td>\n",
       "      <td>0.353834</td>\n",
       "    </tr>\n",
       "    <tr>\n",
       "      <th>3B/G</th>\n",
       "      <td>-0.744548</td>\n",
       "      <td>0.422027</td>\n",
       "      <td>-0.459878</td>\n",
       "      <td>-0.859243</td>\n",
       "      <td>0.394269</td>\n",
       "      <td>0.906341</td>\n",
       "      <td>-0.850030</td>\n",
       "      <td>-0.392443</td>\n",
       "      <td>-0.440751</td>\n",
       "      <td>-0.812189</td>\n",
       "      <td>-0.846310</td>\n",
       "      <td>-0.182162</td>\n",
       "      <td>1.000000</td>\n",
       "      <td>-0.855689</td>\n",
       "      <td>-0.454912</td>\n",
       "      <td>0.910470</td>\n",
       "      <td>-0.887025</td>\n",
       "    </tr>\n",
       "    <tr>\n",
       "      <th>SF/G</th>\n",
       "      <td>0.710865</td>\n",
       "      <td>-0.304458</td>\n",
       "      <td>0.475003</td>\n",
       "      <td>0.798303</td>\n",
       "      <td>-0.165932</td>\n",
       "      <td>-0.781008</td>\n",
       "      <td>0.810498</td>\n",
       "      <td>0.354990</td>\n",
       "      <td>0.279398</td>\n",
       "      <td>0.773901</td>\n",
       "      <td>0.781138</td>\n",
       "      <td>0.300758</td>\n",
       "      <td>-0.855689</td>\n",
       "      <td>1.000000</td>\n",
       "      <td>0.327866</td>\n",
       "      <td>-0.767577</td>\n",
       "      <td>0.762523</td>\n",
       "    </tr>\n",
       "    <tr>\n",
       "      <th>DP/G</th>\n",
       "      <td>0.427248</td>\n",
       "      <td>0.335200</td>\n",
       "      <td>0.661502</td>\n",
       "      <td>0.606309</td>\n",
       "      <td>-0.845177</td>\n",
       "      <td>-0.534124</td>\n",
       "      <td>0.138733</td>\n",
       "      <td>0.726598</td>\n",
       "      <td>0.317716</td>\n",
       "      <td>0.497488</td>\n",
       "      <td>0.529699</td>\n",
       "      <td>0.357783</td>\n",
       "      <td>-0.454912</td>\n",
       "      <td>0.327866</td>\n",
       "      <td>1.000000</td>\n",
       "      <td>-0.586143</td>\n",
       "      <td>0.688117</td>\n",
       "    </tr>\n",
       "    <tr>\n",
       "      <th>A/G</th>\n",
       "      <td>-0.750937</td>\n",
       "      <td>0.182241</td>\n",
       "      <td>-0.696457</td>\n",
       "      <td>-0.952053</td>\n",
       "      <td>0.564735</td>\n",
       "      <td>0.930960</td>\n",
       "      <td>-0.847510</td>\n",
       "      <td>-0.642773</td>\n",
       "      <td>-0.247642</td>\n",
       "      <td>-0.826863</td>\n",
       "      <td>-0.736351</td>\n",
       "      <td>-0.175829</td>\n",
       "      <td>0.910470</td>\n",
       "      <td>-0.767577</td>\n",
       "      <td>-0.586143</td>\n",
       "      <td>1.000000</td>\n",
       "      <td>-0.917948</td>\n",
       "    </tr>\n",
       "    <tr>\n",
       "      <th>Fld%</th>\n",
       "      <td>0.762879</td>\n",
       "      <td>-0.110145</td>\n",
       "      <td>0.683670</td>\n",
       "      <td>0.900300</td>\n",
       "      <td>-0.619917</td>\n",
       "      <td>-0.824229</td>\n",
       "      <td>0.741285</td>\n",
       "      <td>0.628767</td>\n",
       "      <td>0.375841</td>\n",
       "      <td>0.796635</td>\n",
       "      <td>0.750654</td>\n",
       "      <td>0.353834</td>\n",
       "      <td>-0.887025</td>\n",
       "      <td>0.762523</td>\n",
       "      <td>0.688117</td>\n",
       "      <td>-0.917948</td>\n",
       "      <td>1.000000</td>\n",
       "    </tr>\n",
       "  </tbody>\n",
       "</table>\n",
       "</div>"
      ],
      "text/plain": [
       "             Att        BA       SLG      HR/G      SB/G      SH/G       SO9  \\\n",
       "Att     1.000000 -0.074802  0.599337  0.768460 -0.255794 -0.677280  0.680903   \n",
       "BA     -0.074802  1.000000  0.535423 -0.047638 -0.185206  0.259055 -0.406064   \n",
       "SLG     0.599337  0.535423  1.000000  0.811275 -0.526245 -0.572893  0.486509   \n",
       "HR/G    0.768460 -0.047638  0.811275  1.000000 -0.530631 -0.878449  0.828725   \n",
       "SB/G   -0.255794 -0.185206 -0.526245 -0.530631  1.000000  0.475685 -0.123513   \n",
       "SH/G   -0.677280  0.259055 -0.572893 -0.878449  0.475685  1.000000 -0.784779   \n",
       "SO9     0.680903 -0.406064  0.486509  0.828725 -0.123513 -0.784779  1.000000   \n",
       "ERA     0.538646  0.612650  0.972783  0.735752 -0.584424 -0.538054  0.350561   \n",
       "DefEff  0.148423 -0.643326 -0.284641  0.155838 -0.401711 -0.290192  0.086218   \n",
       "GmDur   0.726195 -0.246444  0.539419  0.816311 -0.339720 -0.788490  0.758921   \n",
       "IBB/G   0.673738 -0.428885  0.284321  0.685382 -0.412567 -0.778570  0.594626   \n",
       "CS/G    0.305263  0.191441  0.274243  0.220729 -0.116524 -0.155089  0.106170   \n",
       "3B/G   -0.744548  0.422027 -0.459878 -0.859243  0.394269  0.906341 -0.850030   \n",
       "SF/G    0.710865 -0.304458  0.475003  0.798303 -0.165932 -0.781008  0.810498   \n",
       "DP/G    0.427248  0.335200  0.661502  0.606309 -0.845177 -0.534124  0.138733   \n",
       "A/G    -0.750937  0.182241 -0.696457 -0.952053  0.564735  0.930960 -0.847510   \n",
       "Fld%    0.762879 -0.110145  0.683670  0.900300 -0.619917 -0.824229  0.741285   \n",
       "\n",
       "             ERA    DefEff     GmDur     IBB/G      CS/G      3B/G      SF/G  \\\n",
       "Att     0.538646  0.148423  0.726195  0.673738  0.305263 -0.744548  0.710865   \n",
       "BA      0.612650 -0.643326 -0.246444 -0.428885  0.191441  0.422027 -0.304458   \n",
       "SLG     0.972783 -0.284641  0.539419  0.284321  0.274243 -0.459878  0.475003   \n",
       "HR/G    0.735752  0.155838  0.816311  0.685382  0.220729 -0.859243  0.798303   \n",
       "SB/G   -0.584424 -0.401711 -0.339720 -0.412567 -0.116524  0.394269 -0.165932   \n",
       "SH/G   -0.538054 -0.290192 -0.788490 -0.778570 -0.155089  0.906341 -0.781008   \n",
       "SO9     0.350561  0.086218  0.758921  0.594626  0.106170 -0.850030  0.810498   \n",
       "ERA     1.000000 -0.278393  0.475076  0.245514  0.250899 -0.392443  0.354990   \n",
       "DefEff -0.278393  1.000000  0.299439  0.624083  0.089356 -0.440751  0.279398   \n",
       "GmDur   0.475076  0.299439  1.000000  0.735879  0.366122 -0.812189  0.773901   \n",
       "IBB/G   0.245514  0.624083  0.735879  1.000000  0.346895 -0.846310  0.781138   \n",
       "CS/G    0.250899  0.089356  0.366122  0.346895  1.000000 -0.182162  0.300758   \n",
       "3B/G   -0.392443 -0.440751 -0.812189 -0.846310 -0.182162  1.000000 -0.855689   \n",
       "SF/G    0.354990  0.279398  0.773901  0.781138  0.300758 -0.855689  1.000000   \n",
       "DP/G    0.726598  0.317716  0.497488  0.529699  0.357783 -0.454912  0.327866   \n",
       "A/G    -0.642773 -0.247642 -0.826863 -0.736351 -0.175829  0.910470 -0.767577   \n",
       "Fld%    0.628767  0.375841  0.796635  0.750654  0.353834 -0.887025  0.762523   \n",
       "\n",
       "            DP/G       A/G      Fld%  \n",
       "Att     0.427248 -0.750937  0.762879  \n",
       "BA      0.335200  0.182241 -0.110145  \n",
       "SLG     0.661502 -0.696457  0.683670  \n",
       "HR/G    0.606309 -0.952053  0.900300  \n",
       "SB/G   -0.845177  0.564735 -0.619917  \n",
       "SH/G   -0.534124  0.930960 -0.824229  \n",
       "SO9     0.138733 -0.847510  0.741285  \n",
       "ERA     0.726598 -0.642773  0.628767  \n",
       "DefEff  0.317716 -0.247642  0.375841  \n",
       "GmDur   0.497488 -0.826863  0.796635  \n",
       "IBB/G   0.529699 -0.736351  0.750654  \n",
       "CS/G    0.357783 -0.175829  0.353834  \n",
       "3B/G   -0.454912  0.910470 -0.887025  \n",
       "SF/G    0.327866 -0.767577  0.762523  \n",
       "DP/G    1.000000 -0.586143  0.688117  \n",
       "A/G    -0.586143  1.000000 -0.917948  \n",
       "Fld%    0.688117 -0.917948  1.000000  "
      ]
     },
     "execution_count": 55,
     "metadata": {},
     "output_type": "execute_result"
    }
   ],
   "source": [
    "matrix = pd.concat([y,X1,X2],axis=1)\n",
    "matrix.corr()"
   ]
  },
  {
   "cell_type": "markdown",
   "metadata": {},
   "source": [
    "Features with |corr| > 0.74 with Att:\n",
    "* HR/G\n",
    "* A/G\n",
    "* Fld%\n",
    "* 3B/G\n",
    "\n",
    "Features with 0.67 < |corr| < 0.74 with Att:\n",
    "* GmDur\n",
    "* SF/G\n",
    "* SH/G\n",
    "* SO9\n",
    "* IBB/G\n",
    "\n",
    "I really want to stick a pitching stat into the mix, so I will bump A/G (what the heck do assists have to do with anything anyway?) and put SO9 in. That's the four features I want for polynomial regression.\n",
    "\n",
    "I realize that precisely because there is probably a polynomial relationship between a number of these variables, the linear correlation coefficients may be bad for important variables, but this is where I'll start. I wish I could just throw six or ten features in, poly=2 them, and regress against 10,000 data points, but I've backed myself into this problem, still suspect it's worth trying, and I will do what I can. After this first cut I will consult the pairplots in my visualization notebooks again to look for arched data."
   ]
  },
  {
   "cell_type": "code",
   "execution_count": 56,
   "metadata": {},
   "outputs": [
    {
     "data": {
      "text/html": [
       "<div>\n",
       "<style scoped>\n",
       "    .dataframe tbody tr th:only-of-type {\n",
       "        vertical-align: middle;\n",
       "    }\n",
       "\n",
       "    .dataframe tbody tr th {\n",
       "        vertical-align: top;\n",
       "    }\n",
       "\n",
       "    .dataframe thead th {\n",
       "        text-align: right;\n",
       "    }\n",
       "</style>\n",
       "<table border=\"1\" class=\"dataframe\">\n",
       "  <thead>\n",
       "    <tr style=\"text-align: right;\">\n",
       "      <th></th>\n",
       "      <th>HR/G</th>\n",
       "      <th>SO9</th>\n",
       "      <th>Fld%</th>\n",
       "      <th>3B/G</th>\n",
       "    </tr>\n",
       "  </thead>\n",
       "  <tbody>\n",
       "    <tr>\n",
       "      <th>1901</th>\n",
       "      <td>0.201439</td>\n",
       "      <td>3.2</td>\n",
       "      <td>0.943</td>\n",
       "      <td>0.553957</td>\n",
       "    </tr>\n",
       "    <tr>\n",
       "      <th>1902</th>\n",
       "      <td>0.157143</td>\n",
       "      <td>3.0</td>\n",
       "      <td>0.949</td>\n",
       "      <td>0.435714</td>\n",
       "    </tr>\n",
       "  </tbody>\n",
       "</table>\n",
       "</div>"
      ],
      "text/plain": [
       "          HR/G  SO9   Fld%      3B/G\n",
       "1901  0.201439  3.2  0.943  0.553957\n",
       "1902  0.157143  3.0  0.949  0.435714"
      ]
     },
     "execution_count": 56,
     "metadata": {},
     "output_type": "execute_result"
    }
   ],
   "source": [
    "Xp = pd.concat([X1['HR/G'],X1['SO9'],X2['Fld%'],X2['3B/G']],axis=1)\n",
    "Xp.head(2)"
   ]
  },
  {
   "cell_type": "code",
   "execution_count": 57,
   "metadata": {},
   "outputs": [
    {
     "data": {
      "text/plain": [
       "['1',\n",
       " 'HR/G',\n",
       " 'SO9',\n",
       " 'Fld%',\n",
       " '3B/G',\n",
       " 'HR/G^2',\n",
       " 'HR/G SO9',\n",
       " 'HR/G Fld%',\n",
       " 'HR/G 3B/G',\n",
       " 'SO9^2',\n",
       " 'SO9 Fld%',\n",
       " 'SO9 3B/G',\n",
       " 'Fld%^2',\n",
       " 'Fld% 3B/G',\n",
       " '3B/G^2']"
      ]
     },
     "execution_count": 57,
     "metadata": {},
     "output_type": "execute_result"
    }
   ],
   "source": [
    "pf = PolynomialFeatures(degree=2)\n",
    "pf.fit(Xp)\n",
    "pf.get_feature_names(input_features=list(Xp.columns))"
   ]
  },
  {
   "cell_type": "code",
   "execution_count": 58,
   "metadata": {},
   "outputs": [
    {
     "data": {
      "text/plain": [
       "array([[1.        , 0.20143885, 3.2       , ..., 0.889249  , 0.52238129,\n",
       "        0.30686817],\n",
       "       [1.        , 0.15714286, 3.        , ..., 0.900601  , 0.41349286,\n",
       "        0.18984694],\n",
       "       [1.        , 0.15107914, 3.6       , ..., 0.900601  , 0.49839568,\n",
       "        0.27581388],\n",
       "       ...,\n",
       "       [1.        , 1.25925926, 8.3       , ..., 0.968256  , 0.164     ,\n",
       "        0.02777778],\n",
       "       [1.        , 1.14814815, 8.5       , ..., 0.968256  , 0.17007407,\n",
       "        0.02987349],\n",
       "       [1.        , 1.39506173, 8.9       , ..., 0.968256  , 0.15792593,\n",
       "        0.02575827]])"
      ]
     },
     "execution_count": 58,
     "metadata": {},
     "output_type": "execute_result"
    }
   ],
   "source": [
    "Xparr = pf.transform(Xp)\n",
    "Xparr"
   ]
  },
  {
   "cell_type": "code",
   "execution_count": 65,
   "metadata": {},
   "outputs": [
    {
     "data": {
      "text/html": [
       "<div>\n",
       "<style scoped>\n",
       "    .dataframe tbody tr th:only-of-type {\n",
       "        vertical-align: middle;\n",
       "    }\n",
       "\n",
       "    .dataframe tbody tr th {\n",
       "        vertical-align: top;\n",
       "    }\n",
       "\n",
       "    .dataframe thead th {\n",
       "        text-align: right;\n",
       "    }\n",
       "</style>\n",
       "<table border=\"1\" class=\"dataframe\">\n",
       "  <thead>\n",
       "    <tr style=\"text-align: right;\">\n",
       "      <th></th>\n",
       "      <th>1</th>\n",
       "      <th>HR/G</th>\n",
       "      <th>SO9</th>\n",
       "      <th>Fld%</th>\n",
       "      <th>3B/G</th>\n",
       "      <th>HR/G^2</th>\n",
       "      <th>HR/G SO9</th>\n",
       "      <th>HR/G Fld%</th>\n",
       "      <th>HR/G 3B/G</th>\n",
       "      <th>SO9^2</th>\n",
       "      <th>SO9 Fld%</th>\n",
       "      <th>SO9 3B/G</th>\n",
       "      <th>Fld%^2</th>\n",
       "      <th>Fld% 3B/G</th>\n",
       "      <th>3B/G^2</th>\n",
       "    </tr>\n",
       "  </thead>\n",
       "  <tbody>\n",
       "    <tr>\n",
       "      <th>1901</th>\n",
       "      <td>1.0</td>\n",
       "      <td>0.201439</td>\n",
       "      <td>3.2</td>\n",
       "      <td>0.943</td>\n",
       "      <td>0.553957</td>\n",
